[16, 17, 17, 17, 17, 18, 16, 16, 17, 17, 16, 15, 15, 17, 18, 16, 15, 15, 16, 17, 17, 17, 16, 17, 19, 18, 18, 18, 16, 17, 18, 19, 17, 16, 16, 18, 17, 17, 18, 15, 16, 18, 16, 15, 18, 16, 16, 16, 13, 17, 19, 17, 15, 18, 16, 16, 16, 16, 17, 19, 18, 19, 19, 18, 17, 17, 18, 19, 18, 19, 18, 19, 18, 19, 20, 18, 17, 18, 18, 18, 20, 17, 17, 17, 17, 18, 17, 17, 19, 17, 15, 15, 17, 18, 16, 15, 15, 14, 17, 18, 18, 18, 17, 19, 16, 15, 15, 14, 14, 16, 15, 17, 16, 14, 16, 18, 21, 19, 24, 21, 34, 31, 64, 61, 78, 74, 88, 88, 96, 98, 104, 106, 110, 110, 112, 112, 114, 114, 114, 114, 109, 114, 113, 112, 112, 116, 38, 58, 78, 26, 38, 25, 11, 10, 12, 25, 11, 13, 10, 19, 6, 21, 35, 16, 12, 30, 11, 36, 20, 46, 21, 30, 14, 22, 12, 21, 15, 22, 12, 14, 14, 15, 14, 13, 24, 19, 25, 16, 24, 20, 21, 33, 24, 25, 32, 23, 37, 18, 21, 28, 24, 20, 27, 8, 28, 26, 41, 80, 35, 25, 19, 8, 10, 13, 53, 25, 42, 34, 22, 29, 14, 40, 11, 37, 92, 20, 57, 42, 31, 18, 11, 22, 10, 19, 7, 19, 12, 74, 15, 31, 28, 24, 24, 31, 16, 14, 69, 5, 65, 86, 4, 57, 15, 30, 27, 3, 36, 59, 56, 19, 8, 21, 61, 13, 27, 19, 25, 14, 94, 1, 52, 36, 25, 38, 35, 27, 50, 26, 15, 93, 15, 85, 19, 34, 22, 24, 21, 15, 28, 13, 25, 22, 17, 35, 28, 19, 47, 52, 23, 77, 9, 41, 33, 33, 13, 12, 6, 23, 7, 29, 25, 4, 7, 13, 2, 7, 4, 4, 3, 3, 3, 4, 6, 3, 3, 2, 4, 8, 1, 28, 5, 6, 7, 21, 8, 8, 4, 32, 0, 0, 0, 0, 0, 0, 0, 0, 0, 0, 0, 0, 0, 0, 0, 0, 0, 0, 0, 0, 0, 0, 0, 0, 0, 0, 0, 0, 0, 0, 0, 0, 0, 0, 0, 0, 0, 0, 0, 0, 0, 0, 0, 0, 0, 0, 0, 0, 0, 0, 0, 0, 0, 0, 0, 0, 0, 0, 0, 0, 0, 0, 0, 0, 0, 0, 0, 0, 0, 0, 0, 0, 0, 0, 0, 0, 0, 0, 0, 0, 0, 0, 0, 0, 0, 0, 0, 0, 0, 0, 0, 0, 0, 0, 0, 0, 0, 0, 0, 0, 0, 0, 0, 0, 0, 0, 0, 0, 0, 0, 0, 0, 0, 0, 0, 0, 0, 0, 0, 0, 0, 0, 0, 0, 0, 0, 0, 0, 0, 0, 0, 0, 0, 0, 0, 0, 0, 0, 0, 0, 0, 0]
line_max=  116
upper  126  lower  340  left  294  right  448  blue_lower_bound  146
ratio  1.3896103896103895
this is the minimum one
 upper_part  112
 lower_part  116
max  116
4
[1, 1, 1, 1]
